#Generische Backsteine
0000 0 0 32 32
0100 32 0 32 32

#Level 2 Zeug
#Solid Block
2901 928 32 32 32
#Generic Background
3006 960 192 32 32
#2x2 Background
1102 352 64 32 32
1103 352 96 32 32
1202 384 64 32 32
1203 384 96 32 32
#2x2 door
1300 416 0 32 32
1301 416 32 32 32
1400 448 0 32 32
1401 448 32 32 32
#pipe 1x2
0500 160 0 32 32
0600 192 0 32 32

#Dunkle Decke
0014 0 448 32 32
0114 32 448 32 32
#Dunkles Licht 
0016 0 512 32 32
0017 0 544 32 32
0018 0 576 32 32
0116 32 512 32 32
0117 32 544 32 32
0118 32 576 32 32
0216 64 512 32 32
0217 64 544 32 32
0218 64 576 32 32
#Dunkler Vorsprung
3012 960 384 32 32
#Dunkles Panel
0019 0 608 32 32
0020 0 640 32 32
0021 0 672 32 32

0119 32 608 32 32
0120 32 640 32 32
0121 32 672 32 32

0219 64 608 32 32
0220 64 640 32 32
0221 64 672 32 32
#Kleines dunkles Panel
2218 704 576 32 32
2219 704 608 32 32
2318 736 576 32 32
2319 736 608 32 32

#Heller Vorsprung
0006 0 192 32 32

#Leiter ueber Hellen Vorsprung
0706 224 192 32 32
0806 256 192 32 32
#Leiter ueber oberes Panel
0707 224 224 32 32
0708 224 256 32 32
0709 224 288 32 32
0807 256 224 32 32
0808 256 256 32 32
0809 256 288 32 32
#Leiter Unten
0712 224 384 32 32
0812 256 384 32 32

#Helles oberes Panel
0007 0 224 32 32
0008 0 256 32 32
0009 0 288 32 32
0107 32 224 32 32
0108 32 256 32 32
0109 32 288 32 32
0207 64 224 32 32
0208 64 256 32 32
0209 64 288 32 32
#Helles unteres Panel 
0010 0 320 32 32
0011 0 352 32 32
0012 0 384 32 32

0110 32 320 32 32
0111 32 352 32 32
0112 32 384 32 32

0210 64 320 32 32
0211 64 352 32 32
0212 64 384 32 32
#Sehr helles Tile
0013 0 416 32 32

#Container Leuchtend
0002 0 64 32 32
0003 0 96 32 32
0102 32 64 32 32
0103 32 96 32 32
#Kleines Dings
0204 64 128 32 32
#Warn-Container klein
0504 160 128 32 32
0505 160 160 32 32
0604 192 128 32 32
0605 192 160 32 32


#GEILSTE PLATTFORM
2902 928 64 32 32