122 38
1 2901;1 2901;1 2901;1 2901;1 2901;1 2901;1 2901;1 2901;1 2901;1 2901;1 2901;1 2901;1 2901;1 2901;1 2901;1 2901;1 2901;1 2901;1 2901;1 2901;1 2901;1 2901;1 2901;1 2901;1 2901;1 2901;1 2901;1 2901;1 2901;1 2901;1 2901;1 2901;1 2901;1 2901;1 2901;1 2901;1 2901;1 2901
1 2901;2 1102;2 1202;2 1102;2 1202;2 1102;1 2901;2 1102;2 1202;2 1102;2 1202;2 1102;2 1202;2 1102;2 1202;2 1102;2 1202;2 1102;2 1202;2 1102;2 1202;2 1102;2 1202;2 1102;2 1202;2 1102;2 1202;2 1102;2 1202;2 1102;2 1202;2 1102;2 1202;2 1103;2 1203;2 1103;2 1203;1 2901
1 2901;2 1103;2 1203;2 1103;2 1203;2 1103;1 2901;2 1103;2 1203;2 1103;2 1203;2 1103;2 1203;2 1103;2 1203;2 1103;2 1203;2 1103;2 1203;2 1103;2 1203;2 1103;2 1203;2 1103;2 1203;2 1103;2 1203;2 1103;2 1203;2 1103;2 1203;2 1103;2 1203;2 1102;2 1202;2 1102;2 1202;1 2901
1 2901;2 1102;2 1202;2 1102;2 1202;2 1102;1 2901;2 1102;2 1202;2 1102;2 1202;2 1102;2 1202;2 1102;2 1202;2 1102;2 1202;2 1102;2 1202;2 1102;2 1202;2 1102;2 1202;2 1102;2 1202;2 1102;2 1202;2 1102;2 1202;2 1102;2 1202;2 1102;2 1202;2 1103;2 1203;2 1103;2 1203;1 2901
1 2901;2 1103;2 1203;2 1103;2 1203;2 1103;1 2901;2 1103;2 1203;2 1103;2 1203;2 1103;2 1203;2 1103;2 1203;2 1103;2 1203;2 1103;2 1203;2 1103;2 1203;2 1103;2 1203;2 1103;2 1203;2 1103;2 1203;2 1103;2 1203;2 1103;2 1203;2 1103;2 1203;2 1102;2 1202;2 1102;2 1202;1 2901
1 2901;2 1102;2 1202;2 1102;2 1202;2 1102;1 2901;2 1102;2 1202;2 1102;2 1202;2 1102;2 1202;2 1102;2 1202;2 1102;2 1202;2 1102;2 1202;2 1102;2 1202;2 1102;2 1202;2 1102;2 1202;2 1102;2 1202;2 1102;2 1202;2 1102;2 1202;2 1102;2 1202;2 1103;2 1203;2 1103;2 1203;1 2901
1 2901;2 1103;2 1203;2 1103;2 1203;2 1103;2 1203;2 1103;2 1203;2 1103;2 1203;2 1103;2 1203;2 1103;2 1203;2 1103;2 1203;2 1103;2 1203;2 1103;2 1203;2 1103;2 1203;2 1103;2 1203;2 1103;2 1203;2 1103;2 1203;2 1103;2 1203;2 1103;2 1203;2 1102;2 1202;2 1102;2 1202;1 2901
1 2901;2 1102;2 1202;2 1102;2 1202;2 1102;2 1202;2 1102;2 1202;2 1102;2 1202;2 1102;2 1202;2 1102;2 1202;2 1102;2 1202;2 1102;2 1202;2 1102;2 1202;2 1102;2 1202;2 1102;2 1202;2 1102;2 1202;2 1102;2 1202;2 1102;2 1202;2 1102;2 1202;2 1103;2 1203;2 1103;2 1203;1 2901
1 2901;2 1103;2 1203;2 1103;2 1203;2 1103;2 1203;2 1103;2 1203;2 1103;2 1203;2 1103;2 1203;2 1103;2 1203;2 1103;2 1203;2 1103;2 1203;2 1103;2 1203;2 1103;2 1203;2 1103;2 1203;2 1103;2 1203;2 1103;2 1203;2 1103;2 1203;2 1103;2 1203;2 1102;2 1202;2 1103,3 1;2 1202;1 2901
1 2901;2 1102;2 1202;2 1102;2 1202;2 1102;2 1202;2 1102;2 1202;2 1102;2 1202;2 1102;2 1202;2 1102;2 1202;2 1102;2 1202;2 1102;2 1202;2 1102;2 1202;2 1102;2 1202;2 1102;2 1202;2 1102;2 1202;2 1102;2 1202;2 1102;2 1202;2 1102;2 1202;2 1103;2 1203;2 1103;2 1203;1 2901
1 2901;2 1103;2 1203;2 1103;2 1203;2 1103;2 1203;2 1103;2 1203;2 1103;2 1203;1 2901;2 1203;2 1103;2 1203;2 1103;2 1203;2 1103;2 1203;2 1103;2 1203;2 1103;2 1203;2 1103;2 1203;2 1103;2 1203;2 1103;2 1203;2 1103;2 1203;2 1103;2 1203;2 1102;2 1202;2 1102;2 1202;1 2901
1 2901;2 1102;2 1202;2 1102;2 1202;2 1103,3 1;2 1202;2 1102;2 1202;2 1102;2 1202;1 2901;2 1202;2 1102;2 1202;2 1102;2 1202;2 1102;2 1202;2 1102;2 1202;2 1102;2 1202;2 1102;2 1202;2 1102;2 1202;2 1102;2 1202;2 1102;2 1202;2 1102;2 1202;2 1103;2 1203;2 1103;2 1203;1 2901
1 2901;2 1103;2 1203;2 1103;2 1203;2 1103;2 1203;2 1103;2 1203;2 1103;2 1203;1 2901;2 1203;2 1103;2 1203;2 1103;2 1203;2 1103;2 1203;2 1103;2 1203;2 1103;2 1203;2 1103;2 1203;2 1103;2 1203;2 1103;2 1203;2 1103;2 1203;2 1103;2 1203;2 1102;2 1202;2 1102;2 1202;1 2901
1 2901;2 1102;2 1202;2 1102;2 1202;2 1102;2 1202;2 1102;2 1202;2 1102;2 1202;1 2901;2 1202;2 1102;2 1202;2 1102;2 1202;2 1102;2 1202;2 1102;2 1202;2 1102;2 1202;2 1102;2 1202;2 1102;2 1202;2 1102;2 1202;2 1102;2 1202;2 1102;2 1202;2 1103;2 1203;2 1103;2 1203;1 2901
1 2901;2 1103;2 1203;2 1103;2 1203;2 1103;2 1203;2 1103;2 1203;2 1103;2 1203;1 2901;2 1203;2 1103;2 1203;2 1103;2 1203;2 1103;2 1203;2 1103;2 1203;2 1103;2 1203;2 1103;2 1203;2 1103;2 1203;2 1103;2 1203;2 1103;2 1203;2 1103;2 1203;2 1102;2 1202;2 1102;2 1202;1 2901
1 2901;2 1102;2 1202;2 1102;2 1202;2 1102;1 2901;1 2901;1 2901;1 2901;1 2901;1 2901;1 2901;1 2901;1 2901;1 2901;1 2901;2 1102;2 1202;1 2901;1 2901;1 2901;1 2901;1 2901;1 2901;1 2901;1 2901;1 2901;1 2901;1 2901;1 2901;1 2901;1 2901;2 1103;2 1203;2 1103;2 1203;1 2901
1 2901;2 1103;2 1203;2 1103;2 1203;2 1103;2 1203;2 1103;2 1203;2 1102;2 1202;1 2901;2 1202;2 1102;2 1202;2 1102;2 1202;2 1103;2 1203;1 2901;2 1202;2 1102;2 1203;1 2901;2 1203;2 1103;1 2901;2 1103;2 3006;1 2901;2 3006;2 3006;1 2901;2 1102;2 1202;2 1102;2 1202;1 2901
1 2901;2 1102;2 1202;2 1102;2 1202;2 1102;2 1202;2 1102;2 1202;2 1103;2 1203;1 2901;2 1203;2 1103;2 1203;2 1103;2 1203;2 1102;2 1202;1 2901;2 1203;2 1103;2 1202;2 1102;2 1202;2 1102;1 2901;2 1102;2 3006;1 2901;2 3006;2 3006;1 2901;2 1103;2 1203;2 1103;2 1203;1 2901
1 2901;2 1103;2 1203;2 1103;2 1203;2 1103;2 1203;2 1103;2 1203;2 1102;2 1202;1 2901;2 1202;2 1102;2 1202;2 1102;2 1202;2 1103;2 1203;1 2901;2 1202;2 1102;2 1203;2 1103;2 1203;2 1103;2 1203;2 1103;2 3006;1 2901;2 3006;2 3006;1 2901;2 1102;2 1202;2 1102;2 1202;1 2901
1 2901;2 1102;2 1202;2 1102;2 1202;2 1102;2 1202;2 1102;2 1202;2 1103;2 1203;1 2901;2 1203;2 1103;2 1203;2 1103;2 1203;2 1102;2 1202;1 2901;2 1203;2 1103;2 1202;2 1102;2 1202;2 1102;2 1202;2 1102;2 3006;2 3006;2 3006;2 3006;1 2901;2 1103;2 1203;2 1103;2 1203;1 2901
1 2901;2 1103;2 1203;2 1103;2 1203;2 1103;2 1203;2 1103;2 1203;2 1102;2 1202;1 2901;2 1202;2 1102;2 1202;2 1102;2 1202;2 1103;2 1203;1 2901;2 1202;2 1102;2 1203;2 1103;2 1203;2 1103;2 1203;2 1103;2 3006;2 3006;2 3006;2 3006;1 2901;2 1102;2 1202;2 1102;2 1202;1 2901
1 2901;2 1102;2 1202;2 1102;2 1202;2 1102;2 1202;2 1102;2 1202;2 1103;2 1203;1 2901;2 1203;2 1103;2 1203;2 1103;2 1203;2 1102;2 1202;1 2901;2 1203;2 1103;2 1202;2 1102;2 1202;2 1102;2 1202;2 1102;2 3006;2 3006;2 3006;2 3006;1 2901;2 1103;2 1203;2 1103;2 1203;1 2901
1 2901;2 1103;2 1203;2 1103;2 1203;2 1103;2 1203;2 1103;2 1203;2 1103,3 1;2 1202;1 2901;2 1202;2 1102;2 1202;1 2901;2 1202;2 1103;2 1203;1 2901;2 1202;2 1102;2 1203;1 2901;1 2901;1 2901;1 2901;1 2901;2 3006;2 3006;2 3006;2 3006;1 2901;2 1102;2 1202;2 1102;2 1202;1 2901
1 2901;2 1102;2 1202;2 1102;2 1202;2 1102;2 1202;2 1102;2 1202;2 1103;2 1203;1 2901;2 1203;2 1103;2 1203;1 2901;2 1203;2 1103,3 1;2 1202;1 2901;2 1203;2 1103;2 1202;2 3006;2 3006;2 3006;2 3006;1 2901;2 3006;2 1103,3 1;2 3006;2 3006;1 2901;2 1103;2 1203;2 1103;2 1203;1 2901
1 2901;2 1103;2 1203;2 1103;2 1203;2 1103;2 1203;2 1103;2 1203;2 1102;2 1202;1 2901;2 1202;2 1102;2 1202;1 2901;2 1202;2 1103;2 1203;1 2901;2 1202;2 1102;2 1203;2 3006;2 3006;2 3006;2 3006;1 2901;2 3006;2 3006;2 3006;2 3006;1 2901;2 1102;2 1202;2 1102;2 1202;1 2901
1 2901;2 1102;2 1202;2 1102;2 1202;2 1102;2 1202;1 2901;2 1202;2 1103;2 1203;1 2901;2 1203;2 1103;2 1203;1 2901;2 1203;2 1102;2 1202;1 2901;2 1203;2 1103;2 1202;2 3006;2 3006;2 3006;2 3006;1 2901;2 3006;2 3006;2 3006;2 3006;1 2901;2 1103;2 1203;2 1103;2 1203;1 2901
1 2901;2 1103;2 1203;2 1103;2 1203;2 1103;1 2901;1 2901;2 1203;2 1102;2 1202;1 2901;2 1202;2 1102;2 1202;1 2901;2 1202;2 1103;2 1203;1 2901;2 1202;2 1102;2 1203;2 3006;2 3006;2 3006;2 3006;1 2901;2 3006;2 3006;2 3006;2 3006;1 2901;2 1102;2 1202;2 1102;2 1202;1 2901
1 2901;2 1102;2 1202;2 1102;2 1202;2 1102;1 2901;1 2901;2 1202;2 1103;2 1203;1 2901;2 1203;2 1103;2 1203;1 2901;2 1203;2 1102;2 1202;1 2901;1 2901;1 2901;2 1202;1 2901;2 3006;2 3006;2 3006;1 2901;2 3006;2 3006;2 3006;2 3006;2 1202;2 1103;2 1203;2 1103;2 1203;1 2901
1 2901;2 1103;2 1203;2 1103;2 1203;2 1103;1 2901;1 2901;2 1203;2 1102;2 1202;2 1102;2 1202;2 1103,3 1;2 1202;1 2901;2 1202;2 1103;2 1203;2 1102;2 1202;2 1102;2 1203;1 2901;2 3006;2 3006;2 3006;1 2901;2 3006;2 3006;2 3006;2 3006;2 1203;2 1102;2 1202;2 1102;2 1202;1 2901
1 2901;2 1102;2 1202;2 1103,3 1;2 1202;2 1102;1 2901;1 2901;2 1202;2 1103;2 1203;2 1103;2 1203;2 1103;2 1203;1 2901;2 1203;2 1102;2 1202;2 1103;2 1203;2 1103;2 1202;1 2901;2 3006;2 3006;2 3006;1 2901;2 3006;2 3006;2 3006;2 3006;2 1202;2 1103;2 1203;2 1103;2 1203;1 2901
1 2901;2 1103;2 1203;2 1103;2 1203;2 1103;1 2901;1 2901;2 1203;2 1102;2 1202;2 1102;2 1202;2 1102;2 1202;1 2901;2 1202;2 1103;2 1203;2 1102;2 1202;2 1102;2 1203;2 3006;2 3006;2 3006;2 3006;1 2901;2 3006;2 3006;2 3006;2 3006;2 1203;2 1102;1 2901;2 1102;2 1202;1 2901
1 2901;2 1102;2 1202;2 1102;2 1202;2 1103,3 1;1 2901;1 2901;2 1202;2 1103;2 1203;2 1103;2 1203;2 1103;2 1203;1 2901;2 1203;2 1102;2 1202;2 1103;2 1203;2 1103;2 1202;2 3006;2 3006;2 3006;2 3006;1 2901;2 3006;2 3006;2 3006;2 3006;2 1202;2 1103;1 2901;2 1103;2 1203;1 2901
1 2901;2 1103;2 1203;2 1103;2 1203;2 1103;1 2901;1 2901;2 1203;2 1102;2 1202;2 1102;2 1202;2 1102;2 1202;1 2901;2 1202;2 1103;2 1203;2 1102;2 1202;2 1102;2 1203;2 3006;2 3006;2 3006;2 3006;1 2901;2 3006;2 3006;2 3006;2 3006;2 1203;2 1102;1 2901;2 1102;2 1202;1 2901
1 2901;2 1102;2 1202;2 1102;1 2901;2 1102;1 2901;1 2901;1 2901;1 2901;1 2901;1 2901;1 2901;1 2901;1 2901;1 2901;1 2901;1 2901;1 2901;1 2901;1 2901;1 2901;1 2901;1 2901;1 2901;1 2901;1 2901;1 2901;1 2901;1 2901;1 2901;1 2901;1 2901;1 2901;1 2901;1 2901;1 2901;1 2901
1 2901;2 1102;2 1202;2 1103,3 1;2 1202;2 1103;1 2901;2 3006;2 3006;1 2901;2 3006;2 3006;2 3006;2 3006;2 3006;2 3006;2 3006;2 3006;2 3006;2 3006;2 3006;2 3006;1 2901;2 3006;2 3006;2 3006;2 3006;2 3006;2 3006;2 3006;2 3006;2 3006;2 3006;2 3006;2 3006;2 3006;2 3006;1 2901
1 2901;2 1103;2 1203;2 1103;2 1203;2 1102;1 2901;2 3006;2 3006;1 2901;2 3006;2 3006;2 3006;2 3006;2 3006;2 3006;2 3006;2 3006;2 3006;2 3006;2 3006;2 3006;1 2901;2 3006;2 3006;2 3006;2 3006;2 3006;2 3006;2 3006;2 3006;2 3006;2 3006;2 3006;2 3006;2 3006;2 3006;1 2901
1 2901;2 1102;2 1202;2 1102;2 1202;2 1103;1 2901;2 3006;2 3006;1 2901;2 3006;2 3006;2 3006;2 3006;2 3006;2 3006;2 3006;2 3006;2 3006;2 1103,3 1;2 3006;2 3006;1 2901;2 3006;2 3006;2 3006;2 3006;2 3006;2 3006;2 3006;2 3006;2 3006;2 3006;2 3006;2 3006;2 3006;2 3006;1 2901
1 2901;2 1103;2 1203;2 1103;2 1203;2 1103,3 1;1 2901;2 3006;2 3006;1 2901;2 3006;2 3006;2 3006;2 3006;2 3006;2 3006;2 3006;2 3006;2 3006;2 3006;2 3006;2 3006;1 2901;2 3006;2 3006;2 3006;2 3006;2 3006;2 3006;2 3006;2 1103,3 1;2 3006;2 3006;2 3006;2 3006;2 3006;2 3006;1 2901
1 2901;2 1102;2 1202;2 1102;2 1202;1 2901;1 2901;2 3006;2 3006;1 2901;2 3006;2 3006;2 3006;2 3006;2 3006;2 3006;2 3006;2 3006;2 3006;2 3006;2 3006;2 3006;1 2901;2 3006;2 3006;2 3006;2 3006;2 3006;2 3006;2 3006;2 3006;2 3006;2 3006;2 3006;2 3006;2 3006;2 3006;1 2901
1 2901;2 1103;2 1203;2 1103;2 1203;1 2901;2 3006;2 3006;2 3006;1 2901;2 3006;2 3006;2 3006;2 3006;2 3006;2 3006;2 3006;2 3006;2 3006;2 3006;2 3006;2 3006;1 2901;2 3006;2 3006;2 3006;2 3006;2 3006;2 3006;2 3006;2 3006;2 3006;2 3006;2 3006;2 3006;2 3006;2 3006;1 2901
1 2901;2 1102;2 1202;2 1102;2 1202;1 2901;2 3006;2 3006;2 3006;1 2901;2 3006;2 3006;2 3006;2 3006;2 3006;2 3006;2 3006;2 3006;2 3006;2 3006;2 3006;2 3006;1 2901;2 3006;2 3006;2 3006;2 3006;2 3006;2 3006;2 3006;2 3006;2 3006;2 3006;2 3006;2 3006;2 3006;2 3006;1 2901
1 2901;2 1103;2 1203;2 1103;2 1203;1 2901;2 3006;2 3006;2 3006;1 2901;2 3006;2 3006;2 3006;2 3006;2 3006;2 3006;2 3006;2 3006;2 3006;2 3006;2 3006;2 3006;1 2901;2 3006;2 3006;2 3006;2 3006;2 3006;2 3006;2 3006;2 3006;2 3006;2 3006;2 3006;2 3006;2 3006;2 3006;1 2901
1 2901;2 1102;2 1202;2 1102;2 1202;1 2901;2 3006;2 3006;2 3006;1 2901;2 3006;2 3006;2 3006;2 3006;2 3006;2 3006;2 3006;2 3006;2 3006;2 3006;2 3006;2 3006;1 2901;2 3006;2 3006;1 2901;1 2901;1 2901;1 2901;1 2901;1 2901;1 2901;1 2901;1 2901;2 3006;2 3006;2 3006;1 2901
1 2901;2 1103;2 1203;2 1103;2 1203;1 2901;2 3006;2 3006;2 3006;1 2901;2 3006;2 3006;2 3006;2 3006;2 3006;2 3006;2 3006;2 3006;2 3006;2 3006;2 3006;2 3006;1 2901;2 3006;2 3006;2 3006;2 3006;2 3006;2 3006;1 0204;1 2901;2 3006;2 3006;2 3006;2 3006;2 3006;2 3006;1 2901
1 2901;2 1102;2 1202;2 1102;2 1202;2 3006;2 3006;2 3006;2 3006;1 2901;2 3006;2 3006;2 3006;2 3006;2 3006;2 3006;2 3006;2 3006;2 3006;2 3006;2 3006;2 3006;1 2901;2 3006;2 3006;2 3006;2 3006;2 3006;2 3006;2 3006;1 2901;2 3006;2 3006;2 3006;2 3006;2 3006;2 3006;1 2901
1 2901;2 1103;2 1203;2 1103;2 1203;2 3006;2 3006;2 3006;2 3006;1 2901;2 3006;2 3006;2 3006;2 3006;1 2901;2 3006;2 3006;2 3006;2 3006;1 2901;2 3006;2 3006;1 2901;2 3006;2 3006;2 3006;2 3006;2 3006;2 3006;2 3006;1 2901;2 3006;2 3006;2 3006;2 3006;2 3006;2 3006;1 2901
1 2901;2 1102;2 1202;2 1102;2 1202;2 3006;2 3006;2 3006;2 3006;1 2901;2 3006;2 3006;2 3006;2 3006;1 2901;2 3006;2 3006;2 3006;2 3006;1 2901;2 1103,3 1;2 3006;1 2901;2 3006;2 3006;2 3006;2 3006;2 3006;2 3006;2 3006;1 2901;2 3006;2 3006;2 3006;2 3006;2 3006;2 3006;1 2901
1 2901;2 1103;2 1203;2 1103;2 1203;2 3006;2 3006;2 3006;2 3006;1 2901;2 3006;2 3006;2 3006;2 3006;1 2901;2 3006;2 3006;2 3006;2 3006;1 2901;2 3006;2 3006;1 2901;2 3006;2 3006;2 3006;2 3006;2 3006;2 3006;2 3006;1 2901;2 3006;2 3006;2 3006;2 3006;2 3006;2 3006;1 2901
1 2901;2 1102;2 1202;2 1102;2 1202;2 3006;2 3006;2 3006;2 3006;1 2901;2 3006;2 3006;2 3006;2 3006;1 2901;2 3006;2 3006;2 3006;2 3006;1 2901;2 3006;2 3006;1 2901;2 3006;2 3006;2 3006;2 3006;2 3006;2 3006;2 3006;1 2901;2 3006;2 3006;2 3006;1 2901;2 3006;2 3006;1 2901
1 2901;2 1103;2 1203;2 1103;2 1203;2 3006;2 3006;2 3006;2 3006;1 2901;2 3006;2 3006;2 3006;2 3006;1 2901;2 3006;2 3006;1 2901;1 2901;1 2901;1 2901;1 2901;1 2901;1 2901;1 2901;1 2901;1 2901;2 3006;2 3006;2 3006;1 2901;2 3006;2 3006;2 3006;1 2901;2 3006;2 3006;1 2901
1 2901;2 1102;2 1202;2 1102;2 1202;2 3006;2 3006;2 3006;2 3006;1 2901;2 3006;2 3006;2 3006;2 3006;1 2901;2 3006;2 3006;1 2901;2 3006;2 3006;2 3006;2 3006;2 3006;2 3006;2 3006;2 3006;1 2901;2 3006;2 3006;2 3006;1 2901;2 3006;2 3006;1 2901;1 2901;1 2901;1 2901;1 2901
1 2901;2 1103;2 1203;2 1103;2 1203;2 3006;2 3006;2 3006;2 3006;1 2901;2 3006;2 3006;2 3006;2 3006;1 2901;2 3006;2 3006;1 2901;2 3006;2 3006;2 3006;2 3006;2 3006;2 3006;2 3006;2 3006;1 2901;2 3006;2 3006;2 3006;1 2901;2 3006;2 3006;2 3006;2 3006;2 3006;2 3006;1 2901
1 2901;2 1102;2 1202;2 1102;2 1202;2 3006;2 3006;2 3006;2 3006;1 2901;2 3006;2 1103,3 1;2 3006;2 3006;1 2901;2 3006;2 3006;1 2901;2 3006;2 3006;2 3006;2 3006;2 3006;2 3006;2 3006;2 3006;1 2901;2 3006;2 3006;2 3006;1 2901;2 3006;2 3006;2 3006;2 3006;2 3006;2 3006;1 2901
1 2901;2 1103;2 1203;2 1103;2 1203;2 3006;2 3006;2 3006;2 3006;1 2901;2 3006;2 3006;2 3006;2 3006;1 2901;2 3006;2 3006;1 2901;2 3006;2 3006;2 3006;2 3006;2 3006;2 3006;2 3006;2 3006;1 2901;2 3006;2 3006;2 3006;1 2901;2 3006;2 3006;2 3006;2 3006;2 3006;2 3006;1 2901
1 2901;2 1102;2 1202;2 1102;2 1202;2 3006;2 3006;2 3006;2 3006;1 2901;2 3006;2 3006;2 3006;2 3006;1 2901;2 3006;2 1103,3 1;1 2901;2 3006;2 3006;2 3006;2 3006;2 3006;2 3006;2 3006;2 3006;1 2901;2 3006;2 3006;2 3006;1 2901;2 3006;2 3006;2 3006;2 3006;2 3006;2 3006;1 2901
1 2901;2 1103;2 1203;2 1103;2 1203;2 3006;2 3006;2 3006;2 3006;1 2901;2 3006;2 3006;2 3006;2 3006;1 2901;2 3006;2 3006;1 2901;2 3006;2 3006;2 3006;2 3006;1 2901;2 3006;2 3006;2 3006;1 2901;2 3006;2 1103,3 1;2 3006;1 2901;2 3006;2 3006;2 3006;2 3006;2 3006;2 3006;1 2901
1 2901;2 1102;2 1202;2 1102;2 1202;2 3006;2 3006;2 3006;2 3006;1 2901;2 3006;2 3006;2 3006;2 3006;1 2901;2 3006;2 3006;1 2901;2 3006;2 3006;2 3006;2 3006;1 2901;2 3006;2 3006;2 3006;1 2901;2 3006;2 3006;2 3006;1 2901;2 3006;2 3006;2 3006;2 3006;2 3006;2 3006;1 2901
1 2901;2 1103;2 1203;2 1103;2 1203;2 3006;2 3006;2 3006;2 3006;1 2901;2 3006;2 3006;2 3006;2 3006;1 2901;2 3006;2 3006;1 2901;2 3006;2 3006;2 3006;2 3006;1 2901;2 3006;2 3006;2 3006;1 2901;2 3006;2 3006;2 3006;1 2901;2 3006;2 3006;2 3006;2 3006;2 3006;2 3006;1 2901
1 2901;2 1102;2 1202;2 1103,3 1;2 1202;2 3006;2 3006;2 3006;2 3006;1 2901;2 3006;2 3006;2 3006;2 3006;1 2901;2 3006;2 3006;1 2901;2 3006;2 3006;2 3006;2 3006;1 2901;2 3006;2 3006;2 3006;1 2901;2 3006;2 3006;2 3006;1 2901;2 3006;2 3006;2 3006;2 3006;2 3006;2 3006;1 2901
1 2901;2 1103;2 1203;2 1103;2 1203;2 3006;2 3006;2 3006;2 3006;1 2901;2 3006;2 3006;2 3006;2 3006;1 2901;2 3006;2 3006;1 2901;2 3006;2 3006;2 3006;2 3006;1 2901;2 3006;2 3006;2 3006;1 2901;2 3006;2 3006;2 3006;1 2901;2 3006;2 3006;2 3006;2 3006;2 3006;2 3006;1 2901
1 2901;2 1102;2 1202;2 1102;2 1202;2 3006;2 3006;2 3006;2 3006;1 2901;2 3006;2 3006;2 3006;2 3006;1 2901;2 3006;2 3006;1 2901;2 3006;2 3006;2 3006;2 3006;1 2901;2 3006;2 3006;2 3006;1 2901;2 3006;2 3006;2 3006;1 2901;2 3006;2 3006;2 3006;2 3006;2 3006;2 3006;1 2901
1 2901;2 1103;2 1203;2 1103;2 1203;2 3006;2 3006;2 3006;2 3006;1 2901;2 3006;2 3006;2 3006;2 3006;1 2901;2 3006;2 3006;2 3006;2 3006;2 3006;2 3006;2 3006;1 2901;2 3006;2 3006;2 3006;1 2901;2 3006;2 3006;2 3006;1 2901;2 3006;2 3006;2 3006;2 3006;2 3006;2 3006;1 2901
1 2901;2 1102;2 1202;2 1102;2 1202;2 3006;2 3006;2 3006;2 3006;2 3006;2 3006;2 3006;2 3006;2 3006;1 2901;2 3006;2 3006;2 3006;2 3006;2 3006;2 1103,3 1;2 3006;1 2901;2 3006;2 3006;2 3006;1 2901;2 3006;2 3006;2 3006;1 2901;2 3006;2 3006;2 3006;2 3006;2 3006;2 3006;1 2901
1 2901;2 1103;2 1203;2 1103;2 1203;2 3006;2 3006;2 3006;2 3006;2 3006;2 3006;2 3006;2 3006;2 3006;1 2901;2 3006;2 3006;2 3006;2 3006;2 3006;2 3006;2 3006;1 2901;2 3006;2 3006;2 3006;1 2901;2 3006;2 3006;2 3006;1 2901;2 3006;2 3006;2 1103,3 1;2 3006;2 3006;2 3006;1 2901
1 2901;2 1102;2 1202;2 1102;2 1202;2 3006;2 3006;2 3006;2 3006;2 3006;2 3006;2 3006;2 3006;2 3006;1 2901;2 3006;2 3006;2 3006;2 3006;2 3006;2 3006;2 3006;1 2901;2 3006;2 3006;2 3006;2 3006;2 3006;2 3006;2 3006;1 2901;2 3006;2 3006;2 3006;2 3006;2 3006;2 3006;1 2901
1 2901;2 1103;2 1203;2 1103;2 1203;2 3006;2 3006;2 3006;2 3006;2 3006;2 3006;2 3006;2 3006;2 3006;1 2901;2 3006;2 3006;2 3006;2 3006;2 3006;2 3006;2 3006;1 2901;2 3006;2 3006;2 3006;2 3006;2 3006;2 3006;2 3006;1 2901;2 3006;2 3006;2 3006;2 3006;2 3006;2 3006;1 2901
1 2901;2 1102;2 1202;2 1102;2 1202;2 3006;2 3006;2 3006;2 3006;2 3006;2 3006;2 3006;2 3006;2 3006;1 2901;2 3006;2 3006;2 3006;2 3006;2 3006;2 3006;2 3006;1 2901;2 3006;2 3006;2 3006;2 3006;2 3006;2 3006;2 3006;1 2901;2 3006;2 3006;2 3006;2 3006;2 3006;2 3006;1 2901
1 2901;2 1103;2 1203;2 1103;2 1203;2 3006;2 3006;2 3006;2 3006;2 3006;2 3006;2 3006;2 3006;2 3006;1 2901;2 3006;2 3006;2 3006;2 3006;2 3006;2 3006;2 3006;1 2901;2 3006;2 3006;2 3006;2 3006;2 3006;2 3006;2 3006;1 2901;2 3006;2 3006;2 3006;2 3006;2 3006;2 3006;1 2901
1 2901;2 1102;2 1202;2 1102;2 1202;2 3006;2 3006;2 3006;2 3006;2 3006;2 3006;2 3006;2 3006;2 3006;1 2901;2 3006;2 3006;2 3006;2 3006;2 3006;2 3006;2 3006;1 2901;2 3006;2 3006;2 3006;2 3006;2 3006;2 3006;2 3006;1 2901;2 3006;2 3006;2 3006;2 3006;2 3006;2 3006;1 2901
1 2901;2 1103;2 1203;2 1103;2 1203;2 3006;2 3006;2 3006;2 3006;2 3006;2 3006;2 3006;2 3006;2 3006;1 2901;2 3006;2 3006;2 3006;2 3006;2 3006;2 3006;2 3006;1 2901;2 3006;2 3006;2 3006;2 3006;2 3006;2 3006;2 3006;1 2901;2 3006;2 3006;2 3006;2 3006;2 3006;2 3006;1 2901
1 2901;2 1102;2 1202;2 1102;2 1202;2 3006;2 3006;2 3006;2 3006;2 3006;2 3006;2 3006;2 3006;2 3006;1 2901;2 3006;2 3006;2 3006;2 3006;2 3006;2 3006;2 3006;1 2901;2 3006;2 3006;2 3006;2 3006;2 3006;2 3006;2 3006;1 2901;2 3006;2 3006;2 3006;2 3006;2 3006;2 3006;1 2901
1 2901;2 1103;2 1203;2 1103;2 1203;2 3006;2 3006;2 3006;2 3006;2 3006;2 3006;2 3006;2 3006;2 3006;1 2901;2 3006;2 3006;2 3006;2 3006;2 3006;2 3006;2 3006;1 2901;2 3006;2 3006;2 3006;2 3006;2 3006;2 3006;2 3006;1 2901;2 3006;2 3006;2 3006;2 3006;2 3006;2 3006;1 2901
1 2901;1 2901;1 2901;1 2901;1 2901;1 2901;1 2901;1 2901;1 2901;1 2901;1 2901;1 2901;1 2901;1 2901;1 2901;1 2901;1 2901;1 2901;1 2901;1 2901;1 2901;1 2901;1 2901;1 2901;1 2901;1 2901;1 2901;1 2901;1 2901;1 2901;1 2901;1 2901;1 2901;2 3006;2 3006;2 3006;2 3006;1 2901
1 2901;2 3006;2 3006;2 3006;2 3006;2 3006;2 3006;1 2901;2 3006;2 3006;2 3006;2 3006;2 3006;1 2901;2 3006;2 3006;1 2901;2 3006;2 3006;2 3006;2 3006;2 3006;2 3006;1 2901;2 3006;2 3006;1 2901;2 3006;2 3006;1 2901;2 3006;2 3006;1 2901;2 3006;2 3006;2 3006;2 3006;1 2901
1 2901;2 3006;2 3006;2 3006;2 3006;2 3006;2 3006;1 2901;2 3006;2 3006;2 3006;2 3006;2 3006;1 2901;2 3006;2 3006;1 2901;2 3006;2 3006;2 3006;2 3006;2 3006;2 3006;1 2901;2 3006;2 3006;1 2901;2 3006;2 3006;1 2901;2 3006;2 3006;1 2901;2 3006;2 3006;2 3006;2 3006;1 2901
1 2901;2 3006;2 3006;2 3006;2 3006;2 3006;2 3006;1 2901;2 3006;2 3006;2 3006;2 3006;2 3006;1 2901;2 3006;2 3006;1 2901;2 3006;2 3006;2 3006;2 3006;2 3006;2 3006;2 3006;2 3006;2 3006;1 2901;2 3006;2 3006;1 2901;2 3006;2 3006;1 2901;2 3006;2 3006;2 3006;2 3006;1 2901
1 2901;2 3006;2 3006;2 3006;2 3006;2 3006;2 3006;1 2901;2 3006;2 3006;2 3006;2 3006;2 3006;1 2901;2 3006;2 3006;1 2901;2 3006;2 3006;2 3006;2 3006;2 3006;2 3006;2 3006;2 3006;2 3006;1 2901;2 3006;2 3006;1 2901;2 3006;2 3006;1 2901;2 3006;2 3006;2 3006;2 3006;1 2901
1 2901;2 3006;2 3006;2 3006;2 3006;2 3006;2 3006;1 2901;2 3006;2 3006;2 3006;2 3006;2 3006;1 2901;2 3006;2 3006;1 2901;2 3006;2 3006;2 3006;2 3006;2 3006;2 3006;2 3006;2 3006;2 3006;2 3006;2 3006;2 3006;1 2901;2 3006;2 3006;1 2901;2 3006;2 3006;2 3006;2 3006;1 2901
1 2901;2 3006;2 3006;2 3006;1 2901;2 3006;2 3006;2 3006;2 3006;2 3006;2 3006;2 3006;2 3006;1 2901;2 3006;2 3006;1 2901;2 3006;2 3006;2 3006;2 3006;2 3006;2 3006;2 3006;2 3006;2 3006;2 3006;2 3006;2 3006;1 2901;2 3006;2 3006;1 2901;2 3006;2 3006;2 3006;2 3006;1 2901
1 2901;2 3006;2 3006;2 3006;1 2901;2 3006;2 3006;2 3006;2 3006;2 3006;2 3006;2 3006;2 3006;2 3006;2 3006;2 3006;1 2901;2 3006;2 3006;2 3006;2 3006;2 3006;2 3006;2 3006;2 3006;2 3006;2 3006;2 3006;2 3006;1 2901;2 3006;2 3006;1 2901;2 3006;2 3006;2 3006;2 3006;1 2901
1 2901;2 3006;2 3006;2 3006;1 2901;2 3006;2 3006;2 3006;2 3006;2 3006;1 2901;2 3006;2 3006;2 3006;2 3006;2 3006;1 2901;2 3006;2 3006;2 3006;2 3006;1 2901;2 3006;2 3006;2 3006;2 3006;2 3006;2 3006;2 3006;1 2901;2 3006;2 3006;1 2901;2 3006;2 3006;2 3006;2 3006;1 2901
1 2901;2 3006;2 3006;2 3006;1 2901;2 3006;2 3006;2 3006;2 3006;2 3006;1 2901;2 3006;2 3006;2 3006;2 3006;2 3006;1 2901;2 3006;2 3006;2 3006;2 3006;1 2901;2 3006;2 3006;2 3006;2 3006;2 3006;2 3006;2 3006;2 3006;2 3006;2 3006;1 2901;2 3006;2 3006;2 3006;2 3006;1 2901
1 2901;2 3006;2 3006;2 3006;1 2901;2 3006;2 3006;2 3006;2 3006;2 3006;1 2901;2 3006;2 3006;2 3006;2 3006;2 3006;1 2901;2 3006;2 3006;2 3006;2 3006;1 2901;2 3006;2 3006;2 3006;2 3006;2 3006;2 3006;2 3006;2 3006;2 3006;2 3006;1 2901;2 3006;2 3006;2 3006;2 3006;1 2901
1 2901;2 3006;2 3006;2 3006;1 2901;2 3006;2 3006;2 3006;2 3006;2 3006;1 2901;2 3006;2 3006;2 3006;2 3006;2 3006;1 2901;2 3006;2 3006;2 3006;2 3006;1 2901;2 3006;2 3006;2 3006;2 3006;2 3006;2 3006;2 3006;2 3006;2 3006;2 3006;1 2901;2 3006;2 3006;2 3006;2 3006;1 2901
1 2901;2 3006;2 3006;2 3006;1 2901;2 3006;2 3006;2 3006;2 3006;2 3006;1 2901;2 3006;2 3006;2 3006;2 3006;2 3006;1 2901;2 3006;2 3006;2 1103,3 1;2 3006;1 2901;2 3006;2 3006;2 3006;2 3006;2 3006;2 3006;2 3006;2 3006;2 3006;2 3006;1 2901;2 3006;2 3006;2 3006;2 3006;1 2901
1 2901;2 3006;2 3006;2 3006;1 2901;1 2901;1 2901;1 2901;1 2901;1 2901;1 2901;1 2901;2 3006;2 3006;2 3006;2 3006;1 2901;2 3006;2 3006;2 3006;2 3006;1 2901;2 3006;2 3006;2 3006;2 3006;2 3006;2 3006;2 3006;2 3006;2 3006;2 3006;1 2901;2 3006;2 3006;2 3006;2 3006;1 2901
1 2901;2 3006;2 3006;2 3006;2 3006;2 3006;2 3006;2 3006;2 3006;2 3006;2 3006;1 2901;2 3006;2 3006;2 3006;2 3006;1 2901;2 3006;2 3006;2 3006;2 3006;1 2901;2 3006;2 3006;2 3006;2 3006;2 3006;2 3006;2 3006;2 3006;2 3006;2 3006;1 2901;2 3006;2 3006;2 3006;2 3006;1 2901
1 2901;2 3006;2 3006;2 3006;2 3006;2 3006;2 3006;2 3006;2 3006;2 3006;2 3006;1 2901;2 3006;2 3006;2 3006;2 3006;1 2901;2 3006;2 3006;2 3006;2 3006;1 2901;2 3006;2 3006;2 3006;2 3006;2 3006;2 3006;2 3006;2 3006;2 3006;2 3006;1 2901;2 3006;2 3006;2 3006;2 3006;1 2901
1 2901;2 3006;2 3006;2 3006;2 3006;2 3006;2 3006;2 3006;2 3006;2 3006;2 3006;1 2901;2 3006;2 3006;2 3006;2 3006;1 2901;2 3006;2 3006;2 3006;2 3006;1 2901;2 3006;2 3006;2 3006;2 3006;2 3006;2 3006;2 3006;2 3006;2 1103,3 1;2 3006;1 2901;2 3006;2 3006;2 3006;2 3006;1 2901
1 2901;2 3006;2 3006;2 3006;2 3006;2 3006;2 3006;2 3006;2 3006;2 3006;2 3006;1 2901;2 3006;2 3006;2 3006;2 3006;1 2901;2 3006;2 3006;2 3006;2 3006;1 2901;1 2901;1 2901;1 2901;1 2901;1 2901;1 2901;2 3006;2 3006;2 3006;2 3006;1 2901;2 3006;2 3006;2 3006;2 3006;1 2901
1 2901;2 3006;2 3006;2 3006;2 3006;2 3006;2 3006;2 3006;2 3006;2 3006;2 3006;1 2901;2 3006;2 3006;2 3006;2 3006;1 2901;2 3006;2 3006;2 3006;2 3006;2 3006;2 3006;2 3006;2 3006;2 3006;2 3006;1 2901;2 3006;2 3006;2 3006;2 3006;1 2901;2 3006;2 3006;2 3006;2 3006;1 2901
1 2901;2 3006;2 3006;2 3006;2 3006;2 3006;2 3006;2 3006;2 3006;2 3006;2 3006;1 2901;2 3006;2 3006;2 3006;2 3006;1 2901;2 3006;2 3006;2 3006;2 3006;2 3006;2 3006;2 3006;2 3006;2 3006;2 3006;1 2901;2 3006;2 3006;2 3006;2 3006;1 2901;2 3006;2 3006;2 3006;2 3006;1 2901
1 2901;2 3006;2 3006;2 3006;2 3006;2 3006;2 3006;2 3006;2 3006;2 3006;2 3006;1 2901;2 3006;2 3006;2 3006;2 3006;1 2901;2 3006;2 3006;2 3006;2 3006;2 3006;2 3006;2 3006;2 3006;2 3006;2 3006;1 2901;2 3006;2 3006;2 3006;2 3006;1 2901;2 3006;2 3006;2 3006;2 3006;1 2901
1 2901;2 3006;2 3006;2 3006;2 3006;2 3006;2 3006;2 3006;2 3006;2 3006;2 3006;1 2901;2 3006;2 3006;2 3006;2 3006;1 2901;2 3006;2 3006;2 3006;2 3006;2 3006;2 3006;2 3006;2 3006;2 1103,3 1;2 3006;1 2901;2 3006;2 3006;2 3006;2 3006;1 2901;2 3006;2 3006;2 3006;2 3006;1 2901
1 2901;2 3006;2 3006;2 3006;2 3006;2 3006;2 3006;2 3006;2 3006;2 3006;2 3006;1 2901;2 3006;2 3006;2 3006;2 3006;1 2901;2 3006;2 3006;2 3006;2 3006;2 3006;2 3006;2 3006;2 3006;2 3006;2 3006;1 2901;2 3006;2 3006;2 3006;2 3006;1 2901;2 3006;2 3006;2 1103,3 1;2 3006;1 2901
1 2901;2 3006;2 3006;2 3006;2 3006;2 3006;2 3006;2 3006;2 3006;2 3006;2 3006;1 2901;2 3006;2 3006;2 3006;2 3006;1 2901;2 3006;2 3006;2 3006;2 3006;2 3006;2 3006;2 3006;2 3006;2 3006;2 3006;1 2901;2 3006;2 3006;2 3006;2 3006;1 2901;2 3006;2 3006;2 3006;2 3006;1 2901
1 2901;2 3006;2 3006;2 3006;2 3006;2 3006;2 3006;2 3006;2 3006;2 3006;2 3006;1 2901;2 3006;2 3006;2 3006;2 3006;1 2901;2 3006;2 3006;2 3006;2 3006;2 3006;2 3006;2 3006;2 3006;2 3006;2 3006;1 2901;2 3006;2 3006;2 3006;2 3006;1 2901;2 3006;2 3006;2 3006;2 3006;1 2901
1 2901;2 3006;2 3006;2 3006;2 3006;2 3006;2 3006;2 3006;2 3006;2 3006;2 3006;1 2901;2 3006;2 3006;2 3006;2 3006;1 2901;2 3006;2 3006;2 3006;2 3006;2 3006;2 3006;2 3006;2 3006;2 3006;2 3006;1 2901;2 3006;2 3006;2 3006;2 3006;1 2901;2 3006;2 3006;2 3006;2 3006;1 2901
1 2901;2 3006;2 3006;2 3006;2 3006;2 3006;2 3006;2 3006;2 3006;2 3006;2 3006;1 2901;2 3006;2 3006;2 3006;2 3006;1 2901;1 2901;1 2901;1 2901;1 2901;1 2901;1 2901;2 3006;2 3006;2 3006;2 3006;1 2901;2 3006;2 3006;2 3006;2 3006;1 2901;2 3006;2 3006;2 3006;2 3006;1 2901
1 2901;2 3006;2 3006;2 3006;2 3006;2 3006;2 3006;2 3006;2 3006;2 3006;2 3006;1 2901;2 3006;2 3006;2 1103,3 1;2 3006;1 2901;2 3006;2 3006;2 3006;2 3006;2 3006;2 3006;2 3006;2 3006;2 3006;2 3006;1 2901;2 3006;2 3006;2 3006;2 3006;1 2901;2 3006;2 3006;2 3006;2 3006;1 2901
1 2901;2 3006;2 3006;2 3006;2 3006;2 3006;2 3006;2 3006;2 3006;2 3006;2 3006;1 2901;2 3006;2 3006;2 3006;2 3006;1 2901;2 3006;2 3006;2 3006;2 3006;2 3006;2 3006;2 3006;2 3006;2 3006;2 3006;1 2901;2 3006;2 3006;2 3006;2 3006;1 2901;2 3006;2 3006;2 3006;2 3006;1 2901
1 2901;2 3006;2 3006;2 3006;2 3006;2 3006;2 3006;2 3006;2 3006;2 3006;2 3006;1 2901;2 3006;2 3006;2 3006;2 3006;1 2901;2 3006;2 3006;2 3006;2 3006;2 3006;2 3006;2 3006;2 3006;2 3006;2 3006;1 2901;2 3006;2 3006;2 3006;2 3006;1 2901;2 3006;2 3006;2 3006;2 3006;1 2901
1 2901;2 3006;2 3006;2 3006;2 3006;2 3006;2 3006;2 3006;2 3006;2 3006;2 3006;1 2901;2 3006;2 3006;2 3006;2 3006;1 2901;2 3006;2 3006;2 3006;2 3006;2 3006;2 3006;2 3006;2 3006;2 3006;2 3006;1 2901;2 3006;2 3006;2 3006;2 3006;1 2901;2 3006;2 3006;2 3006;2 3006;1 2901
1 2901;2 3006;2 3006;2 3006;2 3006;2 3006;2 3006;2 3006;2 3006;2 3006;2 3006;1 2901;2 3006;2 3006;2 3006;2 3006;1 2901;2 3006;2 3006;2 3006;2 3006;2 3006;2 3006;2 3006;2 3006;2 3006;2 3006;1 2901;2 3006;2 3006;2 3006;2 3006;1 2901;2 3006;2 3006;2 3006;2 3006;1 2901
1 2901;1 2901;1 2901;1 2901;1 2901;1 2901;1 2901;1 2901;2 3006;2 3006;2 3006;1 2901;2 3006;2 3006;2 3006;2 3006;1 2901;2 3006;2 3006;2 3006;2 3006;2 3006;2 3006;2 3006;2 3006;2 3006;2 3006;1 2901;2 3006;2 3006;2 3006;2 3006;1 2901;2 3006;2 3006;2 3006;2 3006;1 2901
1 2901;2 3006;2 3006;2 3006;2 3006;2 3006;2 3006;1 2901;2 3006;2 3006;2 3006;1 2901;2 3006;2 3006;2 3006;2 3006;1 2901;2 3006;2 3006;2 3006;2 3006;2 3006;2 3006;2 3006;2 3006;2 3006;2 3006;1 2901;2 3006;2 3006;2 3006;2 3006;1 2901;2 3006;2 3006;2 3006;2 3006;1 2901
1 2901;2 3006;2 3006;2 3006;2 3006;2 3006;2 3006;1 2901;2 3006;2 3006;2 3006;1 2901;2 3006;2 3006;2 3006;2 3006;1 2901;2 3006;2 3006;2 3006;2 3006;2 3006;2 3006;2 3006;2 3006;2 3006;2 3006;1 2901;2 3006;2 3006;2 3006;2 3006;1 2901;2 3006;2 3006;2 3006;2 3006;1 2901
1 2901;2 3006;2 3006;2 3006;2 3006;2 3006;2 3006;1 2901;2 3006;2 3006;2 3006;1 2901;2 3006;2 3006;2 3006;2 3006;1 2901;2 3006;2 3006;2 3006;2 3006;2 3006;2 3006;2 3006;2 3006;2 3006;2 3006;1 2901;2 3006;2 3006;2 3006;2 3006;2 3006;2 3006;2 3006;2 3006;2 3006;1 2901
1 2901;2 3006;2 3006;2 3006;2 3006;2 3006;2 3006;1 2901;2 3006;2 3006;2 3006;1 2901;2 3006;2 3006;2 3006;2 3006;1 2901;2 3006;2 3006;2 3006;2 3006;2 3006;2 3006;2 3006;2 3006;2 3006;2 3006;1 2901;2 3006;2 3006;2 3006;2 3006;2 3006;2 3006;2 3006;2 3006;2 3006;1 2901
1 2901;2 3006;2 3006;2 3006;2 3006;2 3006;2 3006;1 2901;2 3006;2 3006;2 3006;1 2901;2 3006;2 3006;2 3006;2 3006;1 2901;2 3006;2 3006;2 3006;2 3006;2 3006;2 3006;2 3006;2 3006;2 3006;2 3006;1 2901;2 3006;2 3006;2 3006;2 3006;2 3006;1 2901;2 3006;2 3006;2 3006;1 2901
1 2901;2 3006;2 3006;2 3006;2 3006;2 3006;2 3006;1 2901;2 3006;2 3006;2 3006;1 2901;2 3006;2 3006;2 3006;2 3006;1 2901;2 3006;2 3006;2 3006;2 3006;2 3006;2 3006;2 3006;2 3006;2 3006;2 3006;1 2901;2 3006;2 3006;2 3006;2 3006;2 3006;1 2901;2 3006;2 3006;2 3006;1 2901
1 2901;2 3006;2 3006;2 3006;2 3006;2 3006;2 3006;1 2901;2 3006;2 3006;2 3006;1 2901;2 3006;2 3006;2 3006;2 3006;1 2901;2 3006;2 3006;2 3006;2 3006;2 3006;2 3006;2 3006;2 3006;2 3006;2 3006;1 2901;2 3006;2 3006;2 3006;2 3006;2 3006;1 2901;2 3006;2 3006;2 3006;1 2901
1 2901;2 3006;2 3006;2 3006;2 3006;2 3006;2 3006;2 3006;2 3006;2 3006;2 3006;1 2901;2 3006;2 1103,3 1;2 3006;2 3006;1 2901;2 3006;2 3006;2 3006;2 3006;2 3006;2 3006;2 3006;2 3006;2 3006;2 3006;1 2901;2 3006;2 3006;2 3006;2 3006;2 3006;2 3006;2 3006;2 3006;2 3006;1 2901
1 2901;2 3006;2 3006;2 3006;1 2901;2 3006;2 3006;2 3006;2 3006;2 3006;2 3006;1 2901;2 3006;2 3006;2 3006;2 3006;1 2901;2 3006;2 3006;2 3006;2 3006;2 3006;2 3006;2 3006;1 2901;2 3006;2 3006;1 2901;2 3006;2 3006;2 3006;2 3006;2 3006;2 3006;2 3006;2 3006;2 3006;1 2901
1 2901;2 3006;2 3006;2 3006;1 2901;2 3006;2 3006;2 3006;2 3006;2 3006;1 2901;1 2901;2 3006;2 3006;2 3006;2 3006;1 2901;2 3006;2 3006;2 3006;2 3006;2 3006;2 3006;2 3006;1 2901;2 3006;2 3006;1 2901;2 3006;2 3006;2 3006;2 3006;2 3006;2 3006;2 3006;2 3006;2 3006;1 2901
1 2901;2 3006;2 3006;2 3006;1 2901;2 3006;2 3006;2 3006;2 3006;2 3006;1 2901;1 2901;2 3006;2 3006;2 3006;2 3006;2 3006;2 3006;2 3006;2 3006;2 3006;2 3006;2 1103,3 1;2 3006;1 2901;2 3006;2 3006;1 2901;2 3006;2 3006;2 3006;2 3006;2 3006;2 3006;2 3006;2 3006;2 3006;1 2901
1 2901;2 3006;2 3006;2 3006;1 2901;2 3006;2 3006;2 3006;2 3006;1 2901;1 2901;1 2901;2 3006;2 3006;2 3006;2 3006;2 3006;2 3006;2 3006;2 3006;2 3006;1 2901;2 3006;2 3006;1 2901;2 3006;2 3006;1 2901;2 3006;2 3006;2 3006;2 3006;2 3006;2 3006;2 3006;2 3006;2 3006;1 2901
1 2901;2 3006;2 3006;2 3006;1 2901;2 3006;2 3006;2 3006;2 3006;1 2901;1 2901;1 2901;2 3006;2 3006;2 3006;2 3006;2 3006;2 3006;2 3006;2 3006;2 3006;1 2901;2 3006;2 3006;1 2901;2 3006;2 3006;1 2901;2 3006;2 3006;2 3006;2 3006;2 3006;2 3006;1 2901;2 3006;2 3006;1 2901
1 2901;2 3006;2 3006;2 3006;1 2901;2 3006;2 3006;2 3006;1 2901;1 2901;1 2901;1 2901;2 3006;2 3006;2 3006;2 3006;2 3006;2 3006;2 3006;1 2901;2 3006;1 2901;2 3006;2 3006;1 2901;2 3006;2 3006;1 2901;2 3006;2 3006;2 3006;2 3006;2 3006;2 3006;1 2901;2 3006;2 3006;1 2901
1 2901;2 3006;2 3006;2 3006;1 2901;2 3006;2 3006;2 3006;1 2901;1 2901;1 2901;1 2901;2 3006;2 3006;2 3006;2 3006;1 2901;2 3006;2 3006;1 2901;2 3006;1 2901;2 3006;2 3006;1 2901;2 3006;2 3006;1 2901;2 3006;2 3006;2 3006;2 3006;2 3006;2 3006;1 2901;2 3006;2 3006;1 2901
1 2901;2 3006;2 3006;2 3006;1 2901;2 3006;2 3006;1 2901;1 2901;1 2901;1 2901;1 2901;2 3006;2 3006;2 3006;2 3006;1 2901;2 3006;2 3006;1 2901;2 3006;1 2901;2 3006;2 3006;1 2901;2 3006;2 3006;1 2901;2 3006;2 3006;2 3006;2 3006;2 3006;2 3006;1 2901;2 3006;2 3006;1 2901
1 2901;1 2901;1 2901;1 2901;1 2901;1 2901;1 2901;1 2901;1 2901;1 2901;1 2901;1 2901;1 2901;1 2901;1 2901;1 2901;1 2901;1 2901;1 2901;1 2901;1 2901;1 2901;1 2901;1 2901;1 2901;1 2901;1 2901;1 2901;1 2901;1 2901;1 2901;1 2901;1 2901;1 2901;1 2901;1 2901;1 2901;1 2901